61 31
2 1
3 1
4 1
5 4
6 2
7 2
8 7
9 3
10 3
11 10
12 6
13 3
14 11
15 6
16 2
17 11
18 17
19 9
20 18
21 5
22 16
23 7
24 13
25 8
26 9
27 3
28 26
29 7
30 22
31 27
32 15
33 23
34 32
35 14
36 7
37 10
38 17
39 13
40 21
41 37
42 33
43 6
44 43
45 34
46 1
47 40
48 3
49 44
50 29
51 46
52 16
53 42
54 50
55 32
56 23
57 28
58 38
59 8
60 13
61 35
6 51
17 32
40 29
53 41
39 33
31 12
32 53
11 10
54 32
10 40
14 58
13 11
5 15
12 10
36 1
11 20
8 54
55 21
49 46
40 14
11 58
57 41
11 38
32 3
59 44
49 32
36 14
54 17
2 31
60 25
1 2
